1 17
2 65
3 145
4 485
5 649
6 1297
7 577
8 2024
9 5185
10 8182
11 7057
12 8749
13 14401
14 30753
15 56449
16 57601
17 77401
18 129473
19 51841
20 129601
21 254017
22 296449
23 202501
24 389377
25 821339
26 762049
27 583201
28 902501
29 19601
30 470449
31 1822501
32 2073601
33 4120901
34 4064257
35 2822401
36 1587601
37 3484801
38 8294401
39 1555849
40 9331201
41 3650401
42 8193151
43 4762801
44 16769026
45 18289153
46 12700801
47 10285001
48 25920001
49 22619537
50 11995201
51 17322499
52 45158401
53 43468489
54 43560001
55 25401601
56 31360001
57 131584501
58 12966724
59 28755649
60 38102401
61 13231349
62 335923201
63 435974401
64 180633601
65 120963457
66 146821249
67 7263026
68 192099601
69 258781249
70 476280001
71 644764049
72 55989361
73 20353276
74 170067682
75 85377601
76 503004501
77 341510401
78 752716801
79 406425601
80 250905601
81 536869376
82 282240001
83 860606209
84 1111320001
85 1244678401

